0.20832E-05 0.19728E-07 0.00000E+01 42003 0 0 3443 0.16530E+10 0.00000E+01 0.20832E-05
1 1.8442e-06 1.3273e-07 3.2186 7.9843e-05 1.8442e-06
2 2.1552e-06 5.9207e-08 1.7375 6.0351e-05 2.1552e-06
3 2.0772e-06 3.1806e-08 1.3696 5.6896e-05 2.0772e-06
4 1.9882e-06 1.3475e-07 3.0309 8.2785e-05 1.9882e-06
5 2.0869e-06 5.7673e-08 1.7478 4.1645e-05 2.0869e-06
6 2.0845e-06 3.026e-08 1.2984 2.7087e-05 2.0845e-06
7 2.3396e-06 1.6683e-07 3.1889 0.00010752 2.3396e-06
8 2.0395e-06 5.4728e-08 1.6971 3.2153e-05 2.0395e-06
9 2.0821e-06 3.0181e-08 1.2965 3.586e-05 2.0821e-06
