0.17238E-05 0.12917E-07 0.00000E+01 42003 0 0 4190 0.24310E+10 0.00000E+01 0.17238E-05
1 1.7967e-06 1.2447e-07 3.0981 7.2652e-05 1.7967e-06
2 1.748e-06 4.637e-08 1.6778 2.9349e-05 1.748e-06
3 1.7212e-06 2.6278e-08 1.3655 4.6354e-05 1.7212e-06
4 1.6858e-06 1.1307e-07 2.9995 7.1764e-05 1.6858e-06
5 1.7494e-06 4.7492e-08 1.717 2.5026e-05 1.7494e-06
6 1.7226e-06 2.631e-08 1.3661 2.5956e-05 1.7226e-06
7 1.6994e-06 1.1033e-07 2.9034 8.1041e-05 1.6994e-06
8 1.6911e-06 4.6088e-08 1.7237 2.6525e-05 1.6911e-06
9 1.7213e-06 2.5819e-08 1.3416 2.5846e-05 1.7213e-06
