0.20852E-08 0.14525E-10 0.00000E+01 186003 0 0 7137 0.34100E+13 0.00000E+01 0.20852E-08
1 1.9375e-09 6.4137e-11 2.9608 3.2323e-07 1.9375e-09
2 2.1125e-09 4.689e-11 2.8077 5.6334e-07 2.1125e-09
3 2.1001e-09 2.1651e-11 1.8442 4.4498e-07 2.1001e-09
4 1.971e-09 8.5445e-11 3.8774 5.2118e-07 1.971e-09
5 2.1442e-09 1.119e-10 6.6015 1.6654e-06 2.1442e-09
6 2.0716e-09 1.805e-11 1.5586 1.0002e-07 2.0716e-09
7 2.3274e-09 1.8366e-10 7.0581 1.2784e-06 2.3274e-09
8 2.1516e-09 4.2092e-11 2.4745 2.7915e-07 2.1516e-09
9 2.0826e-09 1.7666e-11 1.5175 1.5187e-07 2.0826e-09
