0.20919E-05 0.15105E-07 0.00000E+01 42003 0 0 3796 0.18150E+10 0.00000E+01 0.20919E-05
1 1.9687e-06 1.4117e-07 3.2069 0.00010423 1.9687e-06
2 2.0942e-06 5.5117e-08 1.6645 3.02e-05 2.0942e-06
3 2.1168e-06 3.0628e-08 1.2942 3.4016e-05 2.1168e-06
4 2.1232e-06 1.707e-07 3.5954 0.00010654 2.1232e-06
5 2.0863e-06 5.5615e-08 1.686 3.982e-05 2.0863e-06
6 2.0812e-06 3.0402e-08 1.3066 3.1022e-05 2.0812e-06
7 2.09e-06 1.5827e-07 3.3867 0.00011197 2.09e-06
8 2.0924e-06 5.3773e-08 1.6253 3.7505e-05 2.0924e-06
9 2.0827e-06 2.9952e-08 1.2863 2.6789e-05 2.0827e-06
