0.17698E-05 0.12888E-07 0.00000E+01 42003 0 0 3674 0.20760E+10 0.00000E+01 0.17698E-05
1 1.6597e-06 1.1886e-07 3.2028 8.9605e-05 1.6597e-06
2 1.8245e-06 5.6706e-08 1.9657 0.00011279 1.8245e-06
3 1.7792e-06 2.6019e-08 1.308 3.014e-05 1.7792e-06
4 1.8733e-06 1.2834e-07 3.0638 7.8867e-05 1.8733e-06
5 1.7367e-06 4.464e-08 1.6256 2.9177e-05 1.7367e-06
6 1.7692e-06 2.5385e-08 1.2833 2.2208e-05 1.7692e-06
7 1.7235e-06 1.212e-07 3.1449 7.2426e-05 1.7235e-06
8 1.7828e-06 4.9096e-08 1.7417 4.5199e-05 1.7828e-06
9 1.7567e-06 2.5108e-08 1.2784 3.3326e-05 1.7567e-06
